#p7	p5
1129	1144
1130	1143
1131	1142
1132	1141
1133	1140
1134	1139
1135	1138
1136	1137
1169	1184
1170	1183
1171	1182
1172	1181
1173	1180
1174	1179
1175	1178
1176	1177
1161	1176
1162	1175
1163	1174
1164	1173
1165	1172
1166	1171
1167	1170
1168	1169
1145	1160
1146	1159
1147	1158
1148	1157
1149	1156
1150	1155
1151	1154
1152	1153
1201	1216
1202	1215
1203	1214
1204	1213
1205	1212
1206	1211
1207	1210
1208	1209
1033	1048
1034	1047
1035	1046
1036	1045
1037	1044
1038	1043
1039	1042
1040	1041
1089	1104
1090	1103
1091	1102
1092	1101
1093	1100
1094	1099
1095	1098
1096	1097
1289	1304
1290	1303
1291	1302
1292	1301
1293	1300
1294	1299
1295	1298
1296	1297
1225	1240
1226	1239
1227	1238
1228	1237
1229	1236
1230	1235
1231	1234
1232	1233
1241	1256
1242	1255
1243	1254
1244	1253
1245	1252
1246	1251
1247	1250
1248	1249
1137	1152
1138	1151
1139	1150
1140	1149
1141	1148
1142	1147
1143	1146
1144	1145
1265	1280
1266	1279
1267	1278
1268	1277
1269	1276
1270	1275
1271	1274
1272	1273
##bravo_command	1,10	2,13	p5_inverse
##bravo_command	1,20	2,3	p5_inverse
##bravo_command	1,18	2,5	p5_inverse
##bravo_command	1,14	2,9	p5_inverse
##bravo_command	2,3	1,20	p5_inverse
##bravo_command	1,9	2,14	p5_inverse
##bravo_command	1,23	2,23	p5_inverse
##bravo_command	2,2	1,21	p5_inverse
##bravo_command	2,9	1,14	p5_inverse
##bravo_command	2,13	1,10	p5_inverse
##bravo_command	1,12	2,11	p5_inverse
##bravo_command	2,19	1,4	p5_inverse
